
--Mang inasal
function sandbox(var,func)
	local env = getfenv(func)
	local newenv = setmetatable({},{
		__index = function(self,k)
			if k=="script" then
				return var
			else
				return env[k]
			end
		end,
	})
	setfenv(func,newenv)
	return func
end
cors = {}
mas = Instance.new("Model",game:GetService("Lighting"))
Model0 = Instance.new("Model")
Model1 = Instance.new("Model")
Model2 = Instance.new("Model")
MeshPart3 = Instance.new("MeshPart")
MeshPart4 = Instance.new("MeshPart")
MeshPart5 = Instance.new("MeshPart")
MeshPart6 = Instance.new("MeshPart")
Model7 = Instance.new("Model")
MeshPart8 = Instance.new("MeshPart")
MeshPart9 = Instance.new("MeshPart")
MeshPart10 = Instance.new("MeshPart")
MeshPart11 = Instance.new("MeshPart")
Model12 = Instance.new("Model")
MeshPart13 = Instance.new("MeshPart")
MeshPart14 = Instance.new("MeshPart")
MeshPart15 = Instance.new("MeshPart")
MeshPart16 = Instance.new("MeshPart")
Model17 = Instance.new("Model")
MeshPart18 = Instance.new("MeshPart")
MeshPart19 = Instance.new("MeshPart")
MeshPart20 = Instance.new("MeshPart")
MeshPart21 = Instance.new("MeshPart")
Model22 = Instance.new("Model")
MeshPart23 = Instance.new("MeshPart")
MeshPart24 = Instance.new("MeshPart")
MeshPart25 = Instance.new("MeshPart")
MeshPart26 = Instance.new("MeshPart")
Model27 = Instance.new("Model")
MeshPart28 = Instance.new("MeshPart")
MeshPart29 = Instance.new("MeshPart")
MeshPart30 = Instance.new("MeshPart")
MeshPart31 = Instance.new("MeshPart")
Part32 = Instance.new("Part")
Part33 = Instance.new("Part")
Part34 = Instance.new("Part")
Part35 = Instance.new("Part")
Part36 = Instance.new("Part")
Part37 = Instance.new("Part")
Part38 = Instance.new("Part")
Part39 = Instance.new("Part")
Part40 = Instance.new("Part")
Part41 = Instance.new("Part")
Part42 = Instance.new("Part")
Part43 = Instance.new("Part")
Part44 = Instance.new("Part")
Part45 = Instance.new("Part")
Part46 = Instance.new("Part")
SurfaceLight47 = Instance.new("SurfaceLight")
Part48 = Instance.new("Part")
Part49 = Instance.new("Part")
Part50 = Instance.new("Part")
Part51 = Instance.new("Part")
Part52 = Instance.new("Part")
Part53 = Instance.new("Part")
Part54 = Instance.new("Part")
Part55 = Instance.new("Part")
Part56 = Instance.new("Part")
Part57 = Instance.new("Part")
Part58 = Instance.new("Part")
Part59 = Instance.new("Part")
Part60 = Instance.new("Part")
Part61 = Instance.new("Part")
Part62 = Instance.new("Part")
Part63 = Instance.new("Part")
Part64 = Instance.new("Part")
Part65 = Instance.new("Part")
Part66 = Instance.new("Part")
Part67 = Instance.new("Part")
Part68 = Instance.new("Part")
Part69 = Instance.new("Part")
Part70 = Instance.new("Part")
Part71 = Instance.new("Part")
Part72 = Instance.new("Part")
Part73 = Instance.new("Part")
Part74 = Instance.new("Part")
Part75 = Instance.new("Part")
Part76 = Instance.new("Part")
Part77 = Instance.new("Part")
SurfaceLight78 = Instance.new("SurfaceLight")
Part79 = Instance.new("Part")
Part80 = Instance.new("Part")
Part81 = Instance.new("Part")
Part82 = Instance.new("Part")
Part83 = Instance.new("Part")
Part84 = Instance.new("Part")
Part85 = Instance.new("Part")
Part86 = Instance.new("Part")
Part87 = Instance.new("Part")
Part88 = Instance.new("Part")
Part89 = Instance.new("Part")
Part90 = Instance.new("Part")
Part91 = Instance.new("Part")
Part92 = Instance.new("Part")
Part93 = Instance.new("Part")
Part94 = Instance.new("Part")
Part95 = Instance.new("Part")
SurfaceLight96 = Instance.new("SurfaceLight")
Part97 = Instance.new("Part")
Part98 = Instance.new("Part")
Part99 = Instance.new("Part")
Part100 = Instance.new("Part")
Part101 = Instance.new("Part")
Part102 = Instance.new("Part")
Part103 = Instance.new("Part")
Part104 = Instance.new("Part")
Part105 = Instance.new("Part")
Part106 = Instance.new("Part")
Part107 = Instance.new("Part")
Part108 = Instance.new("Part")
Part109 = Instance.new("Part")
Part110 = Instance.new("Part")
Part111 = Instance.new("Part")
Part112 = Instance.new("Part")
Part113 = Instance.new("Part")
Part114 = Instance.new("Part")
Part115 = Instance.new("Part")
Part116 = Instance.new("Part")
Part117 = Instance.new("Part")
Part118 = Instance.new("Part")
Part119 = Instance.new("Part")
Part120 = Instance.new("Part")
Part121 = Instance.new("Part")
Part122 = Instance.new("Part")
Part123 = Instance.new("Part")
Part124 = Instance.new("Part")
Part125 = Instance.new("Part")
Part126 = Instance.new("Part")
Part127 = Instance.new("Part")
Part128 = Instance.new("Part")
Part129 = Instance.new("Part")
Part130 = Instance.new("Part")
Part131 = Instance.new("Part")
Part132 = Instance.new("Part")
Part133 = Instance.new("Part")
Part134 = Instance.new("Part")
Model135 = Instance.new("Model")
StringValue136 = Instance.new("StringValue")
MeshPart137 = Instance.new("MeshPart")
Part138 = Instance.new("Part")
MeshPart139 = Instance.new("MeshPart")
MeshPart140 = Instance.new("MeshPart")
Part141 = Instance.new("Part")
MeshPart142 = Instance.new("MeshPart")
MeshPart143 = Instance.new("MeshPart")
Model144 = Instance.new("Model")
StringValue145 = Instance.new("StringValue")
MeshPart146 = Instance.new("MeshPart")
MeshPart147 = Instance.new("MeshPart")
Part148 = Instance.new("Part")
MeshPart149 = Instance.new("MeshPart")
Part150 = Instance.new("Part")
MeshPart151 = Instance.new("MeshPart")
MeshPart152 = Instance.new("MeshPart")
Model153 = Instance.new("Model")
StringValue154 = Instance.new("StringValue")
MeshPart155 = Instance.new("MeshPart")
Part156 = Instance.new("Part")
Part157 = Instance.new("Part")
MeshPart158 = Instance.new("MeshPart")
MeshPart159 = Instance.new("MeshPart")
MeshPart160 = Instance.new("MeshPart")
MeshPart161 = Instance.new("MeshPart")
Model162 = Instance.new("Model")
StringValue163 = Instance.new("StringValue")
MeshPart164 = Instance.new("MeshPart")
Part165 = Instance.new("Part")
Part166 = Instance.new("Part")
MeshPart167 = Instance.new("MeshPart")
MeshPart168 = Instance.new("MeshPart")
MeshPart169 = Instance.new("MeshPart")
MeshPart170 = Instance.new("MeshPart")
Model171 = Instance.new("Model")
StringValue172 = Instance.new("StringValue")
MeshPart173 = Instance.new("MeshPart")
MeshPart174 = Instance.new("MeshPart")
MeshPart175 = Instance.new("MeshPart")
MeshPart176 = Instance.new("MeshPart")
MeshPart177 = Instance.new("MeshPart")
Part178 = Instance.new("Part")
Part179 = Instance.new("Part")
Model180 = Instance.new("Model")
StringValue181 = Instance.new("StringValue")
MeshPart182 = Instance.new("MeshPart")
Part183 = Instance.new("Part")
MeshPart184 = Instance.new("MeshPart")
Part185 = Instance.new("Part")
MeshPart186 = Instance.new("MeshPart")
MeshPart187 = Instance.new("MeshPart")
MeshPart188 = Instance.new("MeshPart")
Model0.Parent = mas
Model1.Name = "Mang Inamo"
Model1.Parent = Model0
Model2.Name = "ThreeDTextObject"
Model2.Parent = Model1
MeshPart3.Name = "uni006E"
MeshPart3.Parent = Model2
MeshPart3.CFrame = CFrame.new(-243.188095, 71.541748, 2256.64697, 0.63213408, -6.10551751e-08, -0.774859071, -2.96089819e-08, 1, -1.02950381e-07, 0.774858952, 8.80212312e-08, 0.63213414)
MeshPart3.Orientation = Vector3.new(0, -50.790000915527344, 0)
MeshPart3.Position = Vector3.new(-243.18809509277344, 71.541748046875, 2256.64697265625)
MeshPart3.Rotation = Vector3.new(0, -50.790000915527344, 0)
MeshPart3.Color = Color3.new(0, 0, 0)
MeshPart3.Size = Vector3.new(0.3555126190185547, 0.3731362521648407, 0.04608224704861641)
MeshPart3.Anchored = true
MeshPart3.BrickColor = BrickColor.new("Really black")
MeshPart3.CanCollide = false
MeshPart3.Material = Enum.Material.SmoothPlastic
MeshPart3.brickColor = BrickColor.new("Really black")
MeshPart4.Name = "uni0067"
MeshPart4.Parent = Model2
MeshPart4.CFrame = CFrame.new(-243.455902, 71.4704895, 2256.31885, 0.63213408, -6.10551751e-08, -0.774859071, -2.96089819e-08, 1, -1.02950381e-07, 0.774858952, 8.80212312e-08, 0.63213414)
MeshPart4.Orientation = Vector3.new(0, -50.790000915527344, 0)
MeshPart4.Position = Vector3.new(-243.45590209960938, 71.47048950195312, 2256.31884765625)
MeshPart4.Rotation = Vector3.new(0, -50.790000915527344, 0)
MeshPart4.Color = Color3.new(0, 0, 0)
MeshPart4.Size = Vector3.new(0.37133166193962097, 0.5160492658615112, 0.04608224704861641)
MeshPart4.Anchored = true
MeshPart4.BrickColor = BrickColor.new("Really black")
MeshPart4.CanCollide = false
MeshPart4.Material = Enum.Material.SmoothPlastic
MeshPart4.brickColor = BrickColor.new("Really black")
MeshPart5.Name = "uni0061"
MeshPart5.Parent = Model2
MeshPart5.CFrame = CFrame.new(-242.922684, 71.5387573, 2256.97241, 0.63213408, -6.10551751e-08, -0.774859071, -2.96089819e-08, 1, -1.02950381e-07, 0.774858952, 8.80212312e-08, 0.63213414)
MeshPart5.Orientation = Vector3.new(0, -50.790000915527344, 0)
MeshPart5.Position = Vector3.new(-242.9226837158203, 71.53875732421875, 2256.972412109375)
MeshPart5.Rotation = Vector3.new(0, -50.790000915527344, 0)
MeshPart5.Color = Color3.new(0, 0, 0)
MeshPart5.Size = Vector3.new(0.3412952423095703, 0.37944212555885315, 0.04608224704861641)
MeshPart5.Anchored = true
MeshPart5.BrickColor = BrickColor.new("Really black")
MeshPart5.CanCollide = false
MeshPart5.Material = Enum.Material.SmoothPlastic
MeshPart5.brickColor = BrickColor.new("Really black")
MeshPart6.Name = "uni004D"
MeshPart6.Parent = Model2
MeshPart6.CFrame = CFrame.new(-242.605042, 71.6008301, 2257.36182, 0.63213408, -6.10551751e-08, -0.774859071, -2.96089819e-08, 1, -1.02950381e-07, 0.774858952, 8.80212312e-08, 0.63213414)
MeshPart6.Orientation = Vector3.new(0, -50.790000915527344, 0)
MeshPart6.Position = Vector3.new(-242.60504150390625, 71.600830078125, 2257.36181640625)
MeshPart6.Rotation = Vector3.new(0, -50.790000915527344, 0)
MeshPart6.Color = Color3.new(0, 0, 0)
MeshPart6.Size = Vector3.new(0.5493409037590027, 0.4912883937358856, 0.04608224704861641)
MeshPart6.Anchored = true
MeshPart6.BrickColor = BrickColor.new("Really black")
MeshPart6.CanCollide = false
MeshPart6.Material = Enum.Material.SmoothPlastic
MeshPart6.brickColor = BrickColor.new("Really black")
Model7.Name = "ThreeDTextObject"
Model7.Parent = Model1
MeshPart8.Name = "uni0067"
MeshPart8.Parent = Model7
MeshPart8.CFrame = CFrame.new(-256.597137, 89.9886169, 2236.49023, 0.63213408, -6.10551751e-08, -0.774859071, -2.96089819e-08, 1, -1.02950381e-07, 0.774858952, 8.80212312e-08, 0.63213414)
MeshPart8.Orientation = Vector3.new(0, -50.790000915527344, 0)
MeshPart8.Position = Vector3.new(-256.5971374511719, 89.98861694335938, 2236.490234375)
MeshPart8.Rotation = Vector3.new(0, -50.790000915527344, 0)
MeshPart8.Color = Color3.new(0, 0, 0)
MeshPart8.Size = Vector3.new(1.351131796836853, 1.8777029514312744, 0.1676754206418991)
MeshPart8.Anchored = true
MeshPart8.BrickColor = BrickColor.new("Really black")
MeshPart8.CanCollide = false
MeshPart8.Material = Enum.Material.SmoothPlastic
MeshPart8.brickColor = BrickColor.new("Really black")
MeshPart9.Name = "uni0061"
MeshPart9.Parent = Model7
MeshPart9.CFrame = CFrame.new(-254.656891, 90.236969, 2238.86865, 0.63213408, -6.10551751e-08, -0.774859071, -2.96089819e-08, 1, -1.02950381e-07, 0.774858952, 8.80212312e-08, 0.63213414)
MeshPart9.Orientation = Vector3.new(0, -50.790000915527344, 0)
MeshPart9.Position = Vector3.new(-254.65689086914062, 90.23696899414062, 2238.86865234375)
MeshPart9.Rotation = Vector3.new(0, -50.790000915527344, 0)
MeshPart9.Color = Color3.new(0, 0, 0)
MeshPart9.Size = Vector3.new(1.2418409585952759, 1.3806426525115967, 0.1676754206418991)
MeshPart9.Anchored = true
MeshPart9.BrickColor = BrickColor.new("Really black")
MeshPart9.CanCollide = false
MeshPart9.Material = Enum.Material.SmoothPlastic
MeshPart9.brickColor = BrickColor.new("Really black")
MeshPart10.Name = "uni004D"
MeshPart10.Parent = Model7
MeshPart10.CFrame = CFrame.new(-253.50116, 90.4628906, 2240.28516, 0.63213408, -6.10551751e-08, -0.774859071, -2.96089819e-08, 1, -1.02950381e-07, 0.774858952, 8.80212312e-08, 0.63213414)
MeshPart10.Orientation = Vector3.new(0, -50.790000915527344, 0)
MeshPart10.Position = Vector3.new(-253.50115966796875, 90.462890625, 2240.28515625)
MeshPart10.Rotation = Vector3.new(0, -50.790000915527344, 0)
MeshPart10.Color = Color3.new(0, 0, 0)
MeshPart10.Size = Vector3.new(1.9988384246826172, 1.7876077890396118, 0.1676754206418991)
MeshPart10.Anchored = true
MeshPart10.BrickColor = BrickColor.new("Really black")
MeshPart10.CanCollide = false
MeshPart10.Material = Enum.Material.SmoothPlastic
MeshPart10.brickColor = BrickColor.new("Really black")
MeshPart11.Name = "uni006E"
MeshPart11.Parent = Model7
MeshPart11.CFrame = CFrame.new(-255.622681, 90.2479248, 2237.68457, 0.63213408, -6.10551751e-08, -0.774859071, -2.96089819e-08, 1, -1.02950381e-07, 0.774858952, 8.80212312e-08, 0.63213414)
MeshPart11.Orientation = Vector3.new(0, -50.790000915527344, 0)
MeshPart11.Position = Vector3.new(-255.6226806640625, 90.2479248046875, 2237.6845703125)
MeshPart11.Rotation = Vector3.new(0, -50.790000915527344, 0)
MeshPart11.Color = Color3.new(0, 0, 0)
MeshPart11.Size = Vector3.new(1.2935724258422852, 1.3576980829238892, 0.1676754206418991)
MeshPart11.Anchored = true
MeshPart11.BrickColor = BrickColor.new("Really black")
MeshPart11.CanCollide = false
MeshPart11.Material = Enum.Material.SmoothPlastic
MeshPart11.brickColor = BrickColor.new("Really black")
Model12.Name = "ThreeDTextObject"
Model12.Parent = Model1
MeshPart13.Name = "uni0061"
MeshPart13.Parent = Model12
MeshPart13.CFrame = CFrame.new(-215.837769, 79.9216919, 2289.16821, 0.63213408, -6.10551751e-08, -0.774859071, -2.96089819e-08, 1, -1.02950381e-07, 0.774858952, 8.80212312e-08, 0.63213414)
MeshPart13.Orientation = Vector3.new(0, -50.790000915527344, 0)
MeshPart13.Position = Vector3.new(-215.8377685546875, 79.92169189453125, 2289.168212890625)
MeshPart13.Rotation = Vector3.new(0, -50.790000915527344, 0)
MeshPart13.Color = Color3.new(0, 0, 0)
MeshPart13.Size = Vector3.new(0.4752519428730011, 0.528371274471283, 0.06416930258274078)
MeshPart13.Anchored = true
MeshPart13.BrickColor = BrickColor.new("Really black")
MeshPart13.CanCollide = false
MeshPart13.Material = Enum.Material.SmoothPlastic
MeshPart13.brickColor = BrickColor.new("Really black")
MeshPart14.Name = "uni0067"
MeshPart14.Parent = Model12
MeshPart14.CFrame = CFrame.new(-216.580292, 79.8266602, 2288.25806, 0.63213408, -6.10551751e-08, -0.774859071, -2.96089819e-08, 1, -1.02950381e-07, 0.774858952, 8.80212312e-08, 0.63213414)
MeshPart14.Orientation = Vector3.new(0, -50.790000915527344, 0)
MeshPart14.Position = Vector3.new(-216.58029174804688, 79.82666015625, 2288.258056640625)
MeshPart14.Rotation = Vector3.new(0, -50.790000915527344, 0)
MeshPart14.Color = Color3.new(0, 0, 0)
MeshPart14.Size = Vector3.new(0.5170775055885315, 0.7185960412025452, 0.06416930258274078)
MeshPart14.Anchored = true
MeshPart14.BrickColor = BrickColor.new("Really black")
MeshPart14.CanCollide = false
MeshPart14.Material = Enum.Material.SmoothPlastic
MeshPart14.brickColor = BrickColor.new("Really black")
MeshPart15.Name = "uni006E"
MeshPart15.Parent = Model12
MeshPart15.CFrame = CFrame.new(-216.207397, 79.9259033, 2288.71509, 0.63213408, -6.10551751e-08, -0.774859071, -2.96089819e-08, 1, -1.02950381e-07, 0.774858952, 8.80212312e-08, 0.63213414)
MeshPart15.Orientation = Vector3.new(0, -50.790000915527344, 0)
MeshPart15.Position = Vector3.new(-216.2073974609375, 79.9259033203125, 2288.715087890625)
MeshPart15.Rotation = Vector3.new(0, -50.790000915527344, 0)
MeshPart15.Color = Color3.new(0, 0, 0)
MeshPart15.Size = Vector3.new(0.49504953622817993, 0.5195903778076172, 0.06416930258274078)
MeshPart15.Anchored = true
MeshPart15.BrickColor = BrickColor.new("Really black")
MeshPart15.CanCollide = false
MeshPart15.Material = Enum.Material.SmoothPlastic
MeshPart15.brickColor = BrickColor.new("Really black")
MeshPart16.Name = "uni004D"
MeshPart16.Parent = Model12
MeshPart16.CFrame = CFrame.new(-215.395462, 80.0081482, 2289.71021, 0.63213408, -6.10551751e-08, -0.774859071, -2.96089819e-08, 1, -1.02950381e-07, 0.774858952, 8.80212312e-08, 0.63213414)
MeshPart16.Orientation = Vector3.new(0, -50.790000915527344, 0)
MeshPart16.Position = Vector3.new(-215.3954620361328, 80.00814819335938, 2289.710205078125)
MeshPart16.Rotation = Vector3.new(0, -50.790000915527344, 0)
MeshPart16.Color = Color3.new(0, 0, 0)
MeshPart16.Size = Vector3.new(0.7649545073509216, 0.6841166615486145, 0.06416930258274078)
MeshPart16.Anchored = true
MeshPart16.BrickColor = BrickColor.new("Really black")
MeshPart16.CanCollide = false
MeshPart16.Material = Enum.Material.SmoothPlastic
MeshPart16.brickColor = BrickColor.new("Really black")
Model17.Name = "ThreeDTextObject"
Model17.Parent = Model1
MeshPart18.Name = "uni006E"
MeshPart18.Parent = Model17
MeshPart18.CFrame = CFrame.new(-254.098694, 71.541748, 2243.27295, 0.63213408, -6.10551751e-08, -0.774859071, -2.96089819e-08, 1, -1.02950381e-07, 0.774858952, 8.80212312e-08, 0.63213414)
MeshPart18.Orientation = Vector3.new(0, -50.790000915527344, 0)
MeshPart18.Position = Vector3.new(-254.09869384765625, 71.541748046875, 2243.27294921875)
MeshPart18.Rotation = Vector3.new(0, -50.790000915527344, 0)
MeshPart18.Color = Color3.new(0, 0, 0)
MeshPart18.Size = Vector3.new(0.3555126190185547, 0.3731362521648407, 0.04608224704861641)
MeshPart18.Anchored = true
MeshPart18.BrickColor = BrickColor.new("Really black")
MeshPart18.CanCollide = false
MeshPart18.Material = Enum.Material.SmoothPlastic
MeshPart18.brickColor = BrickColor.new("Really black")
MeshPart19.Name = "uni004D"
MeshPart19.Parent = Model17
MeshPart19.CFrame = CFrame.new(-253.51564, 71.6008301, 2243.98779, 0.63213408, -6.10551751e-08, -0.774859071, -2.96089819e-08, 1, -1.02950381e-07, 0.774858952, 8.80212312e-08, 0.63213414)
MeshPart19.Orientation = Vector3.new(0, -50.790000915527344, 0)
MeshPart19.Position = Vector3.new(-253.51564025878906, 71.600830078125, 2243.98779296875)
MeshPart19.Rotation = Vector3.new(0, -50.790000915527344, 0)
MeshPart19.Color = Color3.new(0, 0, 0)
MeshPart19.Size = Vector3.new(0.5493409037590027, 0.4912883937358856, 0.04608224704861641)
MeshPart19.Anchored = true
MeshPart19.BrickColor = BrickColor.new("Really black")
MeshPart19.CanCollide = false
MeshPart19.Material = Enum.Material.SmoothPlastic
MeshPart19.brickColor = BrickColor.new("Really black")
MeshPart20.Name = "uni0061"
MeshPart20.Parent = Model17
MeshPart20.CFrame = CFrame.new(-253.833252, 71.5387573, 2243.59839, 0.63213408, -6.10551751e-08, -0.774859071, -2.96089819e-08, 1, -1.02950381e-07, 0.774858952, 8.80212312e-08, 0.63213414)
MeshPart20.Orientation = Vector3.new(0, -50.790000915527344, 0)
MeshPart20.Position = Vector3.new(-253.833251953125, 71.53875732421875, 2243.598388671875)
MeshPart20.Rotation = Vector3.new(0, -50.790000915527344, 0)
MeshPart20.Color = Color3.new(0, 0, 0)
MeshPart20.Size = Vector3.new(0.3412952423095703, 0.37944212555885315, 0.04608224704861641)
MeshPart20.Anchored = true
MeshPart20.BrickColor = BrickColor.new("Really black")
MeshPart20.CanCollide = false
MeshPart20.Material = Enum.Material.SmoothPlastic
MeshPart20.brickColor = BrickColor.new("Really black")
MeshPart21.Name = "uni0067"
MeshPart21.Parent = Model17
MeshPart21.CFrame = CFrame.new(-254.366501, 71.4704895, 2242.94482, 0.63213408, -6.10551751e-08, -0.774859071, -2.96089819e-08, 1, -1.02950381e-07, 0.774858952, 8.80212312e-08, 0.63213414)
MeshPart21.Orientation = Vector3.new(0, -50.790000915527344, 0)
MeshPart21.Position = Vector3.new(-254.3665008544922, 71.47048950195312, 2242.94482421875)
MeshPart21.Rotation = Vector3.new(0, -50.790000915527344, 0)
MeshPart21.Color = Color3.new(0, 0, 0)
MeshPart21.Size = Vector3.new(0.37133166193962097, 0.5160492658615112, 0.04608224704861641)
MeshPart21.Anchored = true
MeshPart21.BrickColor = BrickColor.new("Really black")
MeshPart21.CanCollide = false
MeshPart21.Material = Enum.Material.SmoothPlastic
MeshPart21.brickColor = BrickColor.new("Really black")
Model22.Name = "ThreeDTextObject"
Model22.Parent = Model1
MeshPart23.Name = "uni0061"
MeshPart23.Parent = Model22
MeshPart23.CFrame = CFrame.new(-228.452393, 72.2914734, 2274.5708, 0.63213408, -6.10551751e-08, -0.774859071, -2.96089819e-08, 1, -1.02950381e-07, 0.774858952, 8.80212312e-08, 0.63213414)
MeshPart23.Orientation = Vector3.new(0, -50.790000915527344, 0)
MeshPart23.Position = Vector3.new(-228.452392578125, 72.29147338867188, 2274.57080078125)
MeshPart23.Rotation = Vector3.new(0, -50.790000915527344, 0)
MeshPart23.Color = Color3.new(0, 0, 0)
MeshPart23.Size = Vector3.new(0.4752519428730011, 0.528371274471283, 0.06416930258274078)
MeshPart23.Anchored = true
MeshPart23.BrickColor = BrickColor.new("Really black")
MeshPart23.CanCollide = false
MeshPart23.Material = Enum.Material.SmoothPlastic
MeshPart23.brickColor = BrickColor.new("Really black")
MeshPart24.Name = "uni0067"
MeshPart24.Parent = Model22
MeshPart24.CFrame = CFrame.new(-229.194916, 72.1964111, 2273.66064, 0.63213408, -6.10551751e-08, -0.774859071, -2.96089819e-08, 1, -1.02950381e-07, 0.774858952, 8.80212312e-08, 0.63213414)
MeshPart24.Orientation = Vector3.new(0, -50.790000915527344, 0)
MeshPart24.Position = Vector3.new(-229.19491577148438, 72.1964111328125, 2273.66064453125)
MeshPart24.Rotation = Vector3.new(0, -50.790000915527344, 0)
MeshPart24.Color = Color3.new(0, 0, 0)
MeshPart24.Size = Vector3.new(0.5170775055885315, 0.7185960412025452, 0.06416930258274078)
MeshPart24.Anchored = true
MeshPart24.BrickColor = BrickColor.new("Really black")
MeshPart24.CanCollide = false
MeshPart24.Material = Enum.Material.SmoothPlastic
MeshPart24.brickColor = BrickColor.new("Really black")
MeshPart25.Name = "uni006E"
MeshPart25.Parent = Model22
MeshPart25.CFrame = CFrame.new(-228.822021, 72.2956543, 2274.11768, 0.63213408, -6.10551751e-08, -0.774859071, -2.96089819e-08, 1, -1.02950381e-07, 0.774858952, 8.80212312e-08, 0.63213414)
MeshPart25.Orientation = Vector3.new(0, -50.790000915527344, 0)
MeshPart25.Position = Vector3.new(-228.822021484375, 72.295654296875, 2274.11767578125)
MeshPart25.Rotation = Vector3.new(0, -50.790000915527344, 0)
MeshPart25.Color = Color3.new(0, 0, 0)
MeshPart25.Size = Vector3.new(0.49504953622817993, 0.5195903778076172, 0.06416930258274078)
MeshPart25.Anchored = true
MeshPart25.BrickColor = BrickColor.new("Really black")
MeshPart25.CanCollide = false
MeshPart25.Material = Enum.Material.SmoothPlastic
MeshPart25.brickColor = BrickColor.new("Really black")
MeshPart26.Name = "uni004D"
MeshPart26.Parent = Model22
MeshPart26.CFrame = CFrame.new(-228.010101, 72.3779297, 2275.11304, 0.63213408, -6.10551751e-08, -0.774859071, -2.96089819e-08, 1, -1.02950381e-07, 0.774858952, 8.80212312e-08, 0.63213414)
MeshPart26.Orientation = Vector3.new(0, -50.790000915527344, 0)
MeshPart26.Position = Vector3.new(-228.01010131835938, 72.3779296875, 2275.113037109375)
MeshPart26.Rotation = Vector3.new(0, -50.790000915527344, 0)
MeshPart26.Color = Color3.new(0, 0, 0)
MeshPart26.Size = Vector3.new(0.7649545073509216, 0.6841166615486145, 0.06416930258274078)
MeshPart26.Anchored = true
MeshPart26.BrickColor = BrickColor.new("Really black")
MeshPart26.CanCollide = false
MeshPart26.Material = Enum.Material.SmoothPlastic
MeshPart26.brickColor = BrickColor.new("Really black")
Model27.Name = "ThreeDTextObject"
Model27.Parent = Model1
MeshPart28.Name = "uni0061"
MeshPart28.Parent = Model27
MeshPart28.CFrame = CFrame.new(-264.534698, 71.5387573, 2230.48071, 0.63213408, -6.10551751e-08, -0.774859071, -2.96089819e-08, 1, -1.02950381e-07, 0.774858952, 8.80212312e-08, 0.63213414)
MeshPart28.Orientation = Vector3.new(0, -50.790000915527344, 0)
MeshPart28.Position = Vector3.new(-264.5346984863281, 71.53875732421875, 2230.480712890625)
MeshPart28.Rotation = Vector3.new(0, -50.790000915527344, 0)
MeshPart28.Color = Color3.new(0, 0, 0)
MeshPart28.Size = Vector3.new(0.3412952423095703, 0.37944212555885315, 0.04608224704861641)
MeshPart28.Anchored = true
MeshPart28.BrickColor = BrickColor.new("Really black")
MeshPart28.CanCollide = false
MeshPart28.Material = Enum.Material.SmoothPlastic
MeshPart28.brickColor = BrickColor.new("Really black")
MeshPart29.Name = "uni004D"
MeshPart29.Parent = Model27
MeshPart29.CFrame = CFrame.new(-264.217041, 71.6008301, 2230.87012, 0.63213408, -6.10551751e-08, -0.774859071, -2.96089819e-08, 1, -1.02950381e-07, 0.774858952, 8.80212312e-08, 0.63213414)
MeshPart29.Orientation = Vector3.new(0, -50.790000915527344, 0)
MeshPart29.Position = Vector3.new(-264.217041015625, 71.600830078125, 2230.8701171875)
MeshPart29.Rotation = Vector3.new(0, -50.790000915527344, 0)
MeshPart29.Color = Color3.new(0, 0, 0)
MeshPart29.Size = Vector3.new(0.5493409037590027, 0.4912883937358856, 0.04608224704861641)
MeshPart29.Anchored = true
MeshPart29.BrickColor = BrickColor.new("Really black")
MeshPart29.CanCollide = false
MeshPart29.Material = Enum.Material.SmoothPlastic
MeshPart29.brickColor = BrickColor.new("Really black")
MeshPart30.Name = "uni0067"
MeshPart30.Parent = Model27
MeshPart30.CFrame = CFrame.new(-265.067902, 71.4704895, 2229.82715, 0.63213408, -6.10551751e-08, -0.774859071, -2.96089819e-08, 1, -1.02950381e-07, 0.774858952, 8.80212312e-08, 0.63213414)
MeshPart30.Orientation = Vector3.new(0, -50.790000915527344, 0)
MeshPart30.Position = Vector3.new(-265.0679016113281, 71.47048950195312, 2229.8271484375)
MeshPart30.Rotation = Vector3.new(0, -50.790000915527344, 0)
MeshPart30.Color = Color3.new(0, 0, 0)
MeshPart30.Size = Vector3.new(0.37133166193962097, 0.5160492658615112, 0.04608224704861641)
MeshPart30.Anchored = true
MeshPart30.BrickColor = BrickColor.new("Really black")
MeshPart30.CanCollide = false
MeshPart30.Material = Enum.Material.SmoothPlastic
MeshPart30.brickColor = BrickColor.new("Really black")
MeshPart31.Name = "uni006E"
MeshPart31.Parent = Model27
MeshPart31.CFrame = CFrame.new(-264.80011, 71.541748, 2230.15527, 0.63213408, -6.10551751e-08, -0.774859071, -2.96089819e-08, 1, -1.02950381e-07, 0.774858952, 8.80212312e-08, 0.63213414)
MeshPart31.Orientation = Vector3.new(0, -50.790000915527344, 0)
MeshPart31.Position = Vector3.new(-264.80010986328125, 71.541748046875, 2230.1552734375)
MeshPart31.Rotation = Vector3.new(0, -50.790000915527344, 0)
MeshPart31.Color = Color3.new(0, 0, 0)
MeshPart31.Size = Vector3.new(0.3555126190185547, 0.3731362521648407, 0.04608224704861641)
MeshPart31.Anchored = true
MeshPart31.BrickColor = BrickColor.new("Really black")
MeshPart31.CanCollide = false
MeshPart31.Material = Enum.Material.SmoothPlastic
MeshPart31.brickColor = BrickColor.new("Really black")
Part32.Parent = Model1
Part32.CFrame = CFrame.new(-265.980164, 86.9346924, 2228.36865, -0.63213408, -6.10551751e-08, 0.774859071, 2.96089819e-08, 1, 1.02950381e-07, -0.774858952, 8.80212312e-08, -0.63213414)
Part32.Orientation = Vector3.new(0, 129.2100067138672, 0)
Part32.Position = Vector3.new(-265.98016357421875, 86.9346923828125, 2228.36865234375)
Part32.Rotation = Vector3.new(-180, 50.790000915527344, 180)
Part32.Color = Color3.new(0.0666667, 0.0666667, 0.0666667)
Part32.Size = Vector3.new(0.7567558288574219, 20.459556579589844, 0.7473602294921875)
Part32.Anchored = true
Part32.BottomSurface = Enum.SurfaceType.Smooth
Part32.BrickColor = BrickColor.new("Really black")
Part32.Material = Enum.Material.Concrete
Part32.TopSurface = Enum.SurfaceType.Smooth
Part32.brickColor = BrickColor.new("Really black")
Part33.Parent = Model1
Part33.CFrame = CFrame.new(-258.414368, 86.9346924, 2237.64258, -0.63213408, -6.10551751e-08, 0.774859071, 2.96089819e-08, 1, 1.02950381e-07, -0.774858952, 8.80212312e-08, -0.63213414)
Part33.Orientation = Vector3.new(0, 129.2100067138672, 0)
Part33.Position = Vector3.new(-258.41436767578125, 86.9346923828125, 2237.642578125)
Part33.Rotation = Vector3.new(-180, 50.790000915527344, 180)
Part33.Color = Color3.new(0.0666667, 0.0666667, 0.0666667)
Part33.Size = Vector3.new(0.7567558288574219, 20.459556579589844, 0.7473602294921875)
Part33.Anchored = true
Part33.BottomSurface = Enum.SurfaceType.Smooth
Part33.BrickColor = BrickColor.new("Really black")
Part33.Material = Enum.Material.Concrete
Part33.TopSurface = Enum.SurfaceType.Smooth
Part33.brickColor = BrickColor.new("Really black")
Part34.Parent = Model1
Part34.CFrame = CFrame.new(-246.303986, 76.3137817, 2252.18506, -0.63213408, -6.10551751e-08, 0.774859071, 2.96089819e-08, 1, 1.02950381e-07, -0.774858952, 8.80212312e-08, -0.63213414)
Part34.Orientation = Vector3.new(0, 129.2100067138672, 0)
Part34.Position = Vector3.new(-246.30398559570312, 76.31378173828125, 2252.18505859375)
Part34.Rotation = Vector3.new(-180, 50.790000915527344, 180)
Part34.Color = Color3.new(0.415686, 0.223529, 0.0352941)
Part34.Size = Vector3.new(73.53652954101562, 0.7822704315185547, 3.009999990463257)
Part34.Anchored = true
Part34.BottomSurface = Enum.SurfaceType.Smooth
Part34.BrickColor = BrickColor.new("Burnt Sienna")
Part34.Material = Enum.Material.Concrete
Part34.TopSurface = Enum.SurfaceType.Smooth
Part34.brickColor = BrickColor.new("Burnt Sienna")
Part35.Parent = Model1
Part35.CFrame = CFrame.new(-266.929779, 86.9346924, 2227.20459, -0.63213408, -6.10551751e-08, 0.774859071, 2.96089819e-08, 1, 1.02950381e-07, -0.774858952, 8.80212312e-08, -0.63213414)
Part35.Orientation = Vector3.new(0, 129.2100067138672, 0)
Part35.Position = Vector3.new(-266.9297790527344, 86.9346923828125, 2227.20458984375)
Part35.Rotation = Vector3.new(-180, 50.790000915527344, 180)
Part35.Color = Color3.new(0.0666667, 0.0666667, 0.0666667)
Part35.Size = Vector3.new(0.7567558288574219, 20.459556579589844, 0.7473602294921875)
Part35.Anchored = true
Part35.BottomSurface = Enum.SurfaceType.Smooth
Part35.BrickColor = BrickColor.new("Really black")
Part35.Material = Enum.Material.Concrete
Part35.TopSurface = Enum.SurfaceType.Smooth
Part35.brickColor = BrickColor.new("Really black")
Part36.Parent = Model1
Part36.CFrame = CFrame.new(-259.364014, 86.9346924, 2236.47852, -0.63213408, -6.10551751e-08, 0.774859071, 2.96089819e-08, 1, 1.02950381e-07, -0.774858952, 8.80212312e-08, -0.63213414)
Part36.Orientation = Vector3.new(0, 129.2100067138672, 0)
Part36.Position = Vector3.new(-259.364013671875, 86.9346923828125, 2236.478515625)
Part36.Rotation = Vector3.new(-180, 50.790000915527344, 180)
Part36.Color = Color3.new(0.0666667, 0.0666667, 0.0666667)
Part36.Size = Vector3.new(0.7567558288574219, 20.459556579589844, 0.7473602294921875)
Part36.Anchored = true
Part36.BottomSurface = Enum.SurfaceType.Smooth
Part36.BrickColor = BrickColor.new("Really black")
Part36.Material = Enum.Material.Concrete
Part36.TopSurface = Enum.SurfaceType.Smooth
Part36.brickColor = BrickColor.new("Really black")
Part37.Parent = Model1
Part37.CFrame = CFrame.new(-252.7668, 86.9346924, 2244.56519, -0.63213408, -6.10551751e-08, 0.774859071, 2.96089819e-08, 1, 1.02950381e-07, -0.774858952, 8.80212312e-08, -0.63213414)
Part37.Orientation = Vector3.new(0, 129.2100067138672, 0)
Part37.Position = Vector3.new(-252.7667999267578, 86.9346923828125, 2244.565185546875)
Part37.Rotation = Vector3.new(-180, 50.790000915527344, 180)
Part37.Color = Color3.new(0.0666667, 0.0666667, 0.0666667)
Part37.Size = Vector3.new(0.7567558288574219, 20.459556579589844, 0.7473602294921875)
Part37.Anchored = true
Part37.BottomSurface = Enum.SurfaceType.Smooth
Part37.BrickColor = BrickColor.new("Really black")
Part37.Material = Enum.Material.Concrete
Part37.TopSurface = Enum.SurfaceType.Smooth
Part37.brickColor = BrickColor.new("Really black")
Part38.Parent = Model1
Part38.CFrame = CFrame.new(-267.877594, 86.9346924, 2226.04272, -0.63213408, -6.10551751e-08, 0.774859071, 2.96089819e-08, 1, 1.02950381e-07, -0.774858952, 8.80212312e-08, -0.63213414)
Part38.Orientation = Vector3.new(0, 129.2100067138672, 0)
Part38.Position = Vector3.new(-267.8775939941406, 86.9346923828125, 2226.042724609375)
Part38.Rotation = Vector3.new(-180, 50.790000915527344, 180)
Part38.Color = Color3.new(0.0666667, 0.0666667, 0.0666667)
Part38.Size = Vector3.new(0.7567558288574219, 20.459556579589844, 0.7473602294921875)
Part38.Anchored = true
Part38.BottomSurface = Enum.SurfaceType.Smooth
Part38.BrickColor = BrickColor.new("Really black")
Part38.Material = Enum.Material.Concrete
Part38.TopSurface = Enum.SurfaceType.Smooth
Part38.brickColor = BrickColor.new("Really black")
Part39.Parent = Model1
Part39.CFrame = CFrame.new(-255.209335, 70.724762, 2242.26318, -0.63213408, -6.10551751e-08, 0.774859071, 2.96089819e-08, 1, 1.02950381e-07, -0.774858952, 8.80212312e-08, -0.63213414)
Part39.Orientation = Vector3.new(0, 129.2100067138672, 0)
Part39.Position = Vector3.new(-255.20933532714844, 70.72476196289062, 2242.26318359375)
Part39.Rotation = Vector3.new(-180, 50.790000915527344, 180)
Part39.Color = Color3.new(0.172549, 0.396078, 0.113725)
Part39.Size = Vector3.new(8.141321182250977, 4.576688289642334, 0.22980332374572754)
Part39.Anchored = true
Part39.BottomSurface = Enum.SurfaceType.Smooth
Part39.BrickColor = BrickColor.new("Parsley green")
Part39.Material = Enum.Material.Concrete
Part39.TopSurface = Enum.SurfaceType.Smooth
Part39.brickColor = BrickColor.new("Parsley green")
Part40.Parent = Model1
Part40.CFrame = CFrame.new(-258.126984, 87.1347961, 2234.66748, -0.63213408, -6.10551751e-08, 0.774859071, 2.96089819e-08, 1, 1.02950381e-07, -0.774858952, 8.80212312e-08, -0.63213414)
Part40.Orientation = Vector3.new(0, 129.2100067138672, 0)
Part40.Position = Vector3.new(-258.1269836425781, 87.13479614257812, 2234.66748046875)
Part40.Rotation = Vector3.new(-180, 50.790000915527344, 180)
Part40.Color = Color3.new(1, 0.690196, 0)
Part40.Size = Vector3.new(19.724449157714844, 10.486374855041504, 0.06652887165546417)
Part40.Anchored = true
Part40.BottomSurface = Enum.SurfaceType.Smooth
Part40.BrickColor = BrickColor.new("Deep orange")
Part40.Material = Enum.Material.Concrete
Part40.TopSurface = Enum.SurfaceType.Smooth
Part40.brickColor = BrickColor.new("Deep orange")
Part41.Parent = Model1
Part41.CFrame = CFrame.new(-255.076859, 70.7241821, 2242.20703, -0.63213408, -6.10551751e-08, 0.774859071, 2.96089819e-08, 1, 1.02950381e-07, -0.774858952, 8.80212312e-08, -0.63213414)
Part41.Orientation = Vector3.new(0, 129.2100067138672, 0)
Part41.Position = Vector3.new(-255.0768585205078, 70.72418212890625, 2242.20703125)
Part41.Rotation = Vector3.new(-180, 50.790000915527344, 180)
Part41.Color = Color3.new(1, 0.690196, 0)
Part41.Size = Vector3.new(6.2397565841674805, 2.8757941722869873, 0.04786987975239754)
Part41.Anchored = true
Part41.BottomSurface = Enum.SurfaceType.Smooth
Part41.BrickColor = BrickColor.new("Deep orange")
Part41.Material = Enum.Material.Concrete
Part41.TopSurface = Enum.SurfaceType.Smooth
Part41.brickColor = BrickColor.new("Deep orange")
Part42.Parent = Model1
Part42.CFrame = CFrame.new(-263.12207, 86.9346924, 2231.87183, -0.63213408, -6.10551751e-08, 0.774859071, 2.96089819e-08, 1, 1.02950381e-07, -0.774858952, 8.80212312e-08, -0.63213414)
Part42.Orientation = Vector3.new(0, 129.2100067138672, 0)
Part42.Position = Vector3.new(-263.1220703125, 86.9346923828125, 2231.871826171875)
Part42.Rotation = Vector3.new(-180, 50.790000915527344, 180)
Part42.Color = Color3.new(0.0666667, 0.0666667, 0.0666667)
Part42.Size = Vector3.new(0.7567558288574219, 20.459556579589844, 0.7473602294921875)
Part42.Anchored = true
Part42.BottomSurface = Enum.SurfaceType.Smooth
Part42.BrickColor = BrickColor.new("Really black")
Part42.Material = Enum.Material.Concrete
Part42.TopSurface = Enum.SurfaceType.Smooth
Part42.brickColor = BrickColor.new("Really black")
Part43.Parent = Model1
Part43.CFrame = CFrame.new(-265.019531, 86.9346924, 2229.54614, -0.63213408, -6.10551751e-08, 0.774859071, 2.96089819e-08, 1, 1.02950381e-07, -0.774858952, 8.80212312e-08, -0.63213414)
Part43.Orientation = Vector3.new(0, 129.2100067138672, 0)
Part43.Position = Vector3.new(-265.01953125, 86.9346923828125, 2229.546142578125)
Part43.Rotation = Vector3.new(-180, 50.790000915527344, 180)
Part43.Color = Color3.new(0.0666667, 0.0666667, 0.0666667)
Part43.Size = Vector3.new(0.7567558288574219, 20.459556579589844, 0.7473602294921875)
Part43.Anchored = true
Part43.BottomSurface = Enum.SurfaceType.Smooth
Part43.BrickColor = BrickColor.new("Really black")
Part43.Material = Enum.Material.Concrete
Part43.TopSurface = Enum.SurfaceType.Smooth
Part43.brickColor = BrickColor.new("Really black")
Part44.Parent = Model1
Part44.CFrame = CFrame.new(-253.716431, 86.9346924, 2243.40112, -0.63213408, -6.10551751e-08, 0.774859071, 2.96089819e-08, 1, 1.02950381e-07, -0.774858952, 8.80212312e-08, -0.63213414)
Part44.Orientation = Vector3.new(0, 129.2100067138672, 0)
Part44.Position = Vector3.new(-253.7164306640625, 86.9346923828125, 2243.401123046875)
Part44.Rotation = Vector3.new(-180, 50.790000915527344, 180)
Part44.Color = Color3.new(0.0666667, 0.0666667, 0.0666667)
Part44.Size = Vector3.new(0.7567558288574219, 20.459556579589844, 0.7473602294921875)
Part44.Anchored = true
Part44.BottomSurface = Enum.SurfaceType.Smooth
Part44.BrickColor = BrickColor.new("Really black")
Part44.Material = Enum.Material.Concrete
Part44.TopSurface = Enum.SurfaceType.Smooth
Part44.brickColor = BrickColor.new("Really black")
Part45.Parent = Model1
Part45.CFrame = CFrame.new(-254.606674, 86.9346924, 2242.31006, -0.63213408, -6.10551751e-08, 0.774859071, 2.96089819e-08, 1, 1.02950381e-07, -0.774858952, 8.80212312e-08, -0.63213414)
Part45.Orientation = Vector3.new(0, 129.2100067138672, 0)
Part45.Position = Vector3.new(-254.60667419433594, 86.9346923828125, 2242.31005859375)
Part45.Rotation = Vector3.new(-180, 50.790000915527344, 180)
Part45.Color = Color3.new(0.0666667, 0.0666667, 0.0666667)
Part45.Size = Vector3.new(0.7567558288574219, 20.459556579589844, 0.7473602294921875)
Part45.Anchored = true
Part45.BottomSurface = Enum.SurfaceType.Smooth
Part45.BrickColor = BrickColor.new("Really black")
Part45.Material = Enum.Material.Concrete
Part45.TopSurface = Enum.SurfaceType.Smooth
Part45.brickColor = BrickColor.new("Really black")
Part46.Parent = Model1
Part46.CFrame = CFrame.new(-258.512787, 75.809082, 2236.63184, -0.63213408, -6.10551751e-08, 0.774859071, 2.96089819e-08, 1, 1.02950381e-07, -0.774858952, 8.80212312e-08, -0.63213414)
Part46.Orientation = Vector3.new(0, 129.2100067138672, 0)
Part46.Position = Vector3.new(-258.5127868652344, 75.80908203125, 2236.6318359375)
Part46.Rotation = Vector3.new(-180, 50.790000915527344, 180)
Part46.Color = Color3.new(0.929412, 0.917647, 0.917647)
Part46.Size = Vector3.new(0.9443817138671875, 0.22710037231445312, 0.9981117248535156)
Part46.Anchored = true
Part46.BottomSurface = Enum.SurfaceType.Smooth
Part46.BrickColor = BrickColor.new("Lily white")
Part46.Material = Enum.Material.Metal
Part46.TopSurface = Enum.SurfaceType.Smooth
Part46.brickColor = BrickColor.new("Lily white")
SurfaceLight47.Parent = Part46
SurfaceLight47.Face = Enum.NormalId.Bottom
SurfaceLight47.Range = 15
SurfaceLight47.Brightness = 4.440000057220459
SurfaceLight47.Angle = 180
Part48.Parent = Model1
Part48.CFrame = CFrame.new(-268.827209, 86.9346924, 2224.87866, -0.63213408, -6.10551751e-08, 0.774859071, 2.96089819e-08, 1, 1.02950381e-07, -0.774858952, 8.80212312e-08, -0.63213414)
Part48.Orientation = Vector3.new(0, 129.2100067138672, 0)
Part48.Position = Vector3.new(-268.82720947265625, 86.9346923828125, 2224.878662109375)
Part48.Rotation = Vector3.new(-180, 50.790000915527344, 180)
Part48.Color = Color3.new(0.0666667, 0.0666667, 0.0666667)
Part48.Size = Vector3.new(0.7567558288574219, 20.459556579589844, 0.7473602294921875)
Part48.Anchored = true
Part48.BottomSurface = Enum.SurfaceType.Smooth
Part48.BrickColor = BrickColor.new("Really black")
Part48.Material = Enum.Material.Concrete
Part48.TopSurface = Enum.SurfaceType.Smooth
Part48.brickColor = BrickColor.new("Really black")
Part49.Parent = Model1
Part49.CFrame = CFrame.new(-260.311859, 86.9346924, 2235.31665, -0.63213408, -6.10551751e-08, 0.774859071, 2.96089819e-08, 1, 1.02950381e-07, -0.774858952, 8.80212312e-08, -0.63213414)
Part49.Orientation = Vector3.new(0, 129.2100067138672, 0)
Part49.Position = Vector3.new(-260.3118591308594, 86.9346923828125, 2235.316650390625)
Part49.Rotation = Vector3.new(-180, 50.790000915527344, 180)
Part49.Color = Color3.new(0.0666667, 0.0666667, 0.0666667)
